1
2
3
4
7
9
10
12
13
14
15
16
17
19
20
22
26
28
29
30
32
33
35
37
40
45
47
54
55
56
57
58
60
62
63
67
70
71
72
73
79
82
84
85
87
88
89
91
92
94
95
101
104
105
106
107
109
110
111
113
116
122
123
124
127
128
129
131
132
133
138
140
141
142
144
145
146
148
150
153
155
158
159
161
163
168
169
175
176
177
180
181
185
186
187
188
191
194
195
196
198
204
205
207
211
213
215
226
227
229
230
231
235
236
239
242
243
245
246
249
251
252
255
256
257
260
261
262
263
264
265
266
267
269
270
271
272
274
277
278
282
283
285
286
287
288
290
292
294
295
297
300
303
306
307
308
309
310
311
312
315
317
319
322
323
325
328
331
332
334
336
337
341
343
346
347
348
355
356
357
358
362
363
364
366
370
373
374
375
376
379
380
381
384
388
389
391
396
398
399
